                                     
                                     
                                     
                                     
                                     
                                     
                                     
                                     
                                     
                                     
   3   22 3 2      2   3     2       
1111111111111111111111111111111111111
1111111111111111111111111111111111111
1111111111111111111111111111111111111